10	00
5
20	10
5
30	20
5
40	30
5
50	40
5
51	40
8
52	51
8
53	52
8
54	53
8
55	54
8
56	55
8
57	56
8
58	57
8
48	57
8
38	48
8
28	38
8
18	28
8
08	18
8
-18	08
8
-28	-18
8
-38	-28
8
-37	-28
3
-36	-37
3
-35	-36
3
-25	-36
17
-15	-25
17
05	-15
17
15	05
17
25	15
17
35	25
17
45	35
17
55	45
17
65	55
17
75	65
17
85	75
17
95	85
17
105	95
17
115	105
17
125	115
17
135	125
17
145	135
17
144	135
10
143	144
10
142	143
10
141	142
10
140	141
10
14-1	140
10
14-2	14-1
10
14-3	14-2
10
14-4	14-3
10
14-5	14-4
10
13-5	14-4
25
12-5	13-5
25
11-5	12-5
25
10-5	11-5
25
9-5	10-5
25
8-5	9-5
25
7-5	8-5
25
6-5	7-5
25
5-5	6-5
25
4-5	5-5
25
3-5	4-5
25
2-5	3-5
25
1-5	2-5
25
0-5	1-5
25
-1-5	0-5
25
-2-5	-1-5
25
-3-5	-2-5
25
-4-5	-3-5
25
-5-5	-4-5
25
-6-5	-5-5
25
-7-5	-6-5
25
-8-5	-7-5
25
-9-5	-8-5
25
-10-5	-9-5
25
-11-5	-10-5
25
-11-4	-10-5
11
-11-3	-11-4
11
-11-2	-11-3
11
-11-1	-11-2
11
-110	-11-1
11
-111	-110
11
-112	-111
11
-113	-112
11
-114	-113
11
-115	-114
11
-116	-115
11
79
